########################################################
TYPE: MAP
LANG: 1
BIT_MODE: 16
DATA:
__align(4) const CUSTOM_STRING_MAP_16 StrMap_1[] = {
	1,
	7,
	16,
	23,
	32,
	41,
	51,
	55,
	63,
	72,
	78,
	89,
	98,
	120,
	136,
	147,
	162,
	172,
	177,
	187,
	192,
	199,
	210,
	216,
	222,
	230,
	238,
	249,
	257,
	266,
	271,
	279,
	303,
	333,
	340,
	353,
	367,
	392,
	397,
	408,
	416,
	423,
	434,
	442,
	451,
	459,
	464,
	478,
	486,
	497,
	511,
	516,
	525,
	535,
	547,
	554,
	572,
	590,
	603,
	614,
	621,
	641,
	662,
	667,
	684,
	690,
	696,
	704,
	710,
	715,
	722,
	737,
	752,
	757,
	777,
	792,
	801,
	809,
	815,
	820,
	825,
	830,
	835,
	841,
	854,
	879,
	887,
	907,
	915,
	948,
	970,
	994,
	1011,
	1026,
	1040,
	1055,
	1071,
	1090,
	1102,
	1107,
	1115,
	1121,
	1128,
	1132,
	1139,
	1144,
	1153,
	1161,
	1168,
	1180,
	1192,
	1206,
	1214,
	1227,
	1232,
	1237,
	1244,
	1263,
	1268,
	1285,
	1288,
	1303,
	1308,
	1315,
	1329,
	1361,
	1379,
	1393,
	1397,
	1400,
	1403,
	1408,
	1416,
	1423,
	1448,
	1457,
	1463,
	1469,
	1477,
	1482,
	1508,
	1520,
	1538,
	1544,
	1552,
	1558,
	1567,
	1573,
	1578,
	1583,
	1592,
	1607,
	1617,
	1628,
	1636,
	1643,
	1651,
	1658,
	1666,
	1672,
	1679,
	1685,
	1692,
	1701,
	1706,
	1712,
	1730,
	1736,
	1743,
	1750,
	1760,
	1767,
	1772,
	1785,
	1809,
	1827,
	1835,
	1840,
	1849,
	1856,
	1860,
	1866,
	1872,
	1877,
	1885,
	1891,
	1896,
	1904,
	1912,
	1917,
	1930,
	1935,
	1962,
	1978,
	1989,
	1996,
	2007,
	2026,
	2030,
	2037,
	2041,
	2058,
	2067,
	2081,
	2094,
	2100,
	2105,
	2112,
	2122,
	2126,
	2131,
	2135,
	2161,
	2193,
	2213,
	2234,
	2274,
	2305,
	2324,
	2345,
	2380,
	2390,
	2397,
	2404,
	2412,
	2422,
	2431,
	2438,
	2447,
	2451,
	2455,
	2459,
	2463,
	2467,
	2471,
	2475,
	2479,
	2483,
	2487,
	2491,
	2495,
	2499,
	2503,
	2507,
	2511,
	2515,
	2519,
	2523,
	2534,
	2540,
	2546,
	2554,
	2566,
	2573,
	2580,
	2641,
	1361,
	2695,
	535,
	2705,
	2716,
	2734,
	2747,
	2765,
	2786,
	2797,
	2812,
	516,
	2827,
	2839,
	2858,
	2858,
	2839,
	2858,
	2839,
	2877,
	2886,
	2895,
	2904,
	2913,
	2922,
	2975,
	3040,
	3096,
	3119,
	3184,
	3193,
	3239,
	3277,
	3289,
	3303,
	3309,
	3314,
	3339,
	3359,
	3367,
	3380,
	3384,
	3389,
	3403,
	3416,
	3435,
	3448,
	3453,
	3479,
	3500,
	3510,
	3512,
	3520,
	3540,
	3563,
	3585,
	3606,
	3641,
	3671,
	3720,
	3776,
	3810,
	3831,
	3844,
	3859,
	3864,
	3879,
	3894,
	3911,
	3949,
	3973,
	3986,
	4001,
	4019,
	4037,
	4070,
	4098,
	4118,
	4149,
	4168,
	4186,
	4209,
	4226,
	4226,
	4226,
	4226,
	4226,
	4226,
	4226,
	4238,
	4244,
	4250,
	4256,
	4262,
	4268,
	4274,
	4280,
	4286,
	4292,
	4298,
	4308,
	4319,
	4333,
	4346,
	4366,
	4385,
	4404,
	4409,
	4423,
	4437,
	4457,
	4468,
	4485,
	4494,
	4505,
	4512,
	4521,
	4531,
	4544,
	4554,
	4571,
	4586,
	4606,
	4620,
	4635,
	4651,
	4679,
	4694,
	4711,
	4730,
	4298,
	4751,
	4764,
	4777,
	4791,
	4814,
	4826,
	4831,
	4838,
	4848,
	4863,
	4894,
	4932,
	4962,
	4982,
	5002,
	5029,
	5043,
	5070,
	5092,
	5107,
	5121,
	5132,
	5151,
	5165,
	5168,
	5194,
	5201,
	5216,
	5232,
	5241,
	5252,
	5280,
	5296,
	5308,
	5321,
	1840,
	5336,
	5383,
	5387,
	2126,
	5396,
	5409,
	5428,
	2380,
	5451,
	5473,
	5488,
	5515,
	5539,
	5548,
	5581,
	5612,
	5642,
	5667,
	5691,
	5714,
	5741,
	5769,
	5799,
	5829,
	5856,
	5883,
	5920,
	5977,
	6004,
	6044,
	6062,
	6085,
	6108,
	6137,
	6163,
	6185,
	6212,
	6243,
	6260,
	6289,
	6310,
	6323,
	6334,
	6357,
	6379,
	6392,
	6416,
	6426,
	6440,
	6455,
	6472,
	6495,
	6517,
	6548,
	6578,
	6604,
	6609,
	6615,
	6651,
	6674,
	6689,
	6700,
	6712,
	6730,
	6651,
	6747,
	6758,
	6771,
	6782,
	6792,
	6808,
	6815,
	6822,
	6834,
	6853,
	6870,
	6891,
	6912,
	6925,
	6935,
	6950,
	6966,
	6984,
	7016,
	7037,
	7061,
	7085,
	7110,
	7115,
	7145,
	7175,
	7179,
	7183,
	7187,
	7191,
	7198,
	7211,
	7223,
	7235,
	7248,
	7269,
	7280,
	7293,
	7312,
	7325,
	7333,
	7345,
	7371,
	7391,
	7403,
	7421,
	7437,
	7459,
	7471,
	7492,
	7522,
	7537,
	7551,
	7564,
	7572,
	7580,
	7589,
	7599,
	7620,
	7627,
	7640,
	7649,
	7658,
	7667,
	7678,
	7689,
	7693,
	7705,
	7716,
	7729,
	7742,
	7755,
	7759,
	7766,
	7775,
	7802,
	7812,
	7821,
	7841,
	7856,
	7864,
	7873,
	7881,
	7885,
	7901,
	7921,
	7934,
	7938,
	7944,
	7949,
	7955,
	7961,
	7990,
	8009,
	8024,
	8036,
	8048,
	8060,
	8070,
	8087,
	8101,
	8115,
	8125,
	8142,
	8158,
	8170,
	8188,
	8229,
	8247,
	8259,
	8286,
	8307,
	8307,
	8320,
	8337,
	8361,
	8374,
	8389,
	8414,
	8431,
	8448,
	8472,
	8488,
	8505,
	8526,
	8534,
	8542,
	8550,
	8558,
	8566,
	8591,
	8609,
	8625,
	8641,
	8653,
	8664,
	8676,
	8700,
	8713,
	8731,
	8753,
	8774,
	8784,
	8753,
	8794,
	8808,
	8822,
	8843,
	8857,
	8873,
	8320,
	8895,
	8902,
	8906,
	8909,
	8924,
	8938,
	8949,
	8965,
	9001,
	9038,
	9051,
	9064,
	9075,
	9086,
	9091,
	9100,
	9108,
	9122,
	9132,
	9149,
	9159,
	9132,
	9164,
	9132,
	9169,
	9173,
	9181,
	4298,
	9186,
	9193,
	9223,
	9255,
	9273,
	9290,
	9298,
	9306,
	9312,
	9319,
	9340,
	9350,
	9362,
	9373,
	9384,
	9401,
	9413,
	9430,
	9449,
	9464,
	9476,
	9487,
	9500,
	9510,
	7175,
	7179,
	9529,
	7183,
	9539,
	8320,
	9547,
	9561,
	9573,
	9587,
	9598,
	9615,
	9617,
	9631,
	9658,
	9686,
	9727,
	9769,
	9811,
	9831,
	9848,
	9897,
	9936,
	177,
	9985,
	9991,
	10001,
	10025,
	10052,
	10062,
	10082,
	10100,
	10114,
	10129,
	10165,
	10174,
	10179,
	10194,
	10202,
	10211,
	10230,
	10271,
	10282,
	10303,
	10314,
	10327,
	10338,
	10346,
	10357,
	10372,
	10401,
	10412,
	10418,
	10431,
	10451,
	1303,
	10470,
	10486,
	10502,
	10539,
	10558,
	10584,
	10611,
	10642,
	10679,
	10713,
	10753,
	10793,
	10818,
	10847,
	10875,
	10908,
	10931,
	10946,
	10964,
	10984,
	9615,
	10989,
	279,
	11046,
	11079,
	11105,
	11138,
	11173,
	11194,
	11222,
	11243,
	11247,
	6440,
	11268,
	11285,
	11303,
	11313,
	11323,
	11337,
	11347,
	11357,
	11373,
	9384,
	11391,
	9401,
	11403,
	11414,
	11444,
	9384,
	11444,
	11457,
	11475,
	11491,
	614,
	11502,
	11511,
	11528,
	11543,
	11556,
	11571,
	11580,
	11591,
	11603,
	11622,
	11641,
	11662,
	11685,
	11710,
	11727,
	11741,
	11758,
	11774,
	11791,
	11802,
	11813,
	11832,
	11842,
	11874,
	11887,
	11899,
	11917,
	11923,
	11935,
	11941,
	11954,
	11969,
	11980,
	11994,
	12008,
	12018,
	12035,
	12043,
	12058,
	12071,
	3879,
	3894,
	12086,
	12100,
	12119,
	12154,
	12167,
	12177,
	3879,
	8247,
	12197,
	12208,
	12226,
	12246,
	12266,
	12288,
	3986,
	12305,
	12331,
	12349,
	1303,
	12359,
	12369,
	12379,
	12384,
	12391,
	12400,
	12410,
	12418,
	12426,
	12433,
	12440,
	12449,
	12458,
	12467,
	12477,
	12486,
	12499,
	12505,
	12514,
	12524,
	12535,
	12552,
	12560,
	12571,
	12577,
	12591,
	12598,
	12603,
	12613,
	12622,
	12632,
	12641,
	12649,
	12662,
	12668,
	12678,
	12683,
	12696,
	12706,
	12713,
	12720,
	12727,
	12739,
	12750,
	12757,
	12764,
	12774,
	12786,
	12795,
	12802,
	12812,
	12821,
	12836,
	12842,
	12850,
	12860,
	12867,
	12873,
	12879,
	12884,
	12898,
	12907,
	12917,
	12923,
	12931,
	12941,
	12948,
	12955,
	12962,
	12968,
	12974,
	12984,
	12991,
	13003,
	13010,
	13021,
	13028,
	13035,
	1303,
	13041,
	13045,
	13049,
	13053,
	13057,
	13061,
	13065,
	13069,
	13073,
	13077,
	13081,
	13085,
	13089,
	13093,
	13097,
	13101,
	13105,
	13109,
	13113,
	13117,
	13121,
	13125,
	13129,
	13133,
	13137,
	13141,
	13145,
	13149,
	13153,
	13157,
	13161,
	13165,
	13169,
	13173,
	13177,
	13181,
	13185,
	13189,
	13193,
	13197,
	13201,
	13205,
	13209,
	13213,
	13217,
	13221,
	13225,
	13229,
	13233,
	13237,
	13241,
	13245,
	13249,
	13253,
	13257,
	13261,
	13265,
	13269,
	13273,
	13285,
	13323,
	13331,
	13273,
	13335,
	13347,
	13361,
	13379,
	13391,
	13414,
	13436,
	13456,
	13471,
	13493,
	13512,
	13532,
	13546,
	13559,
	13573,
	13588,
	13601,
	13612,
	13624,
	13636,
	13648,
	13660,
	6310,
	13672,
	13688,
	13701,
	13709,
	13721,
	13751,
	13773,
	13789,
	13801,
	13804,
	13815,
	8060,
	13853,
	13361,
	13866,
	13875,
	13891,
	13901,
	13915,
	13926,
	13942,
	13957,
	13969,
	13983,
	13994,
	14006,
	3510,
	14021,
	14041,
	14082,
	14121,
	14128,
	14132,
	14143,
	3479,
	14170,
	14185,
	3453,
	14201,
	14219,
	14245,
	14265,
	14294,
	2126,
	14315,
	14323,
	14339,
	14351,
	14364,
	14376,
	14390,
	14406,
	14427,
	14390,
	14449,
	14471,
	14376,
	14481,
	14500,
	14516,
	14536,
	14555,
	14571,
	13983,
	13994,
	14580,
	13957,
	13969,
	14596,
	14612,
	14632,
	14637,
	14650,
	14664,
	14679,
	14686,
	14699,
	14703,
	14715,
	14731,
	14751,
	14760,
	14773,
	14782,
	14797,
	14800,
	14803,
	14806,
	14809,
	14826,
	14841,
	14849,
	14858,
	14869,
	14875,
	14879,
	14887,
	14908,
	14925,
	14945,
	14955,
	14965,
	14970,
	14975,
	14985,
	14994,
	15008,
	15019,
	15029,
	15037,
	15045,
	15054,
	15063,
	15071,
	15079,
	15092,
	15100,
	15104,
	15109,
	15117,
	15127,
	15142,
	15160,
	15176,
	15196,
	15208,
	15228,
	15245,
	15263,
	15281,
	15299,
	15315,
	15334,
	15357,
	15387,
	15427,
	15448,
	15477,
	6712,
	15499,
	15526,
	15545,
	1026,
	15574,
	15590,
	15607,
	15637,
	15667,
	15697,
	15697,
	15719,
	15732,
	15756,
	15789,
	15824,
	15840,
	15858,
	15880,
	15900,
	15906,
	15935,
	15945,
	15955,
	15968,
	15982,
	15994,
	16002,
	16019,
	16031,
	16044,
	16059,
	16069,
	16078,
	16084,
	16092,
	16098,
	16103,
	16109,
	11917,
	16124,
	16132,
	15982,
	16143,
	16153,
	16161,
	16170,
	1849,
	16178,
	16186,
	16194,
	16210,
	16220,
	16231,
	16241,
	16251,
	16265,
	16280,
	16290,
	16297,
	1692,
	16307,
	16322,
	16337,
	16352,
	16367,
	16383,
	7759,
	16398,
	16404,
	16409,
	16424,
	5194,
	16437,
	16454,
	9615,
	16472,
	16485,
	16504,
	11403,
	16515,
	11917,
	16524,
	16536,
	2566,
	16548,
	16556,
	16564,
	11935,
	16570,
	16600,
	16604,
	16616,
	16625,
	4186,
	16636,
	16665,
	16681,
	16697,
	16704,
	16717,
	16745,
	16759,
	16776,
	16798,
	9464,
	16820,
	9464,
	16832,
	16847,
	16863,
	16931,
	16959,
	16991,
	17017,
	17032,
	17046,
	17057,
	17064,
	17078,
	17090,
	17102,
	17115,
	17129,
	17150,
	17164,
	17175,
	17191,
	17197,
	17208,
	17223,
	17234,
	17245,
	17256,
	17278,
	17287,
	17295,
	17303,
	17322,
	3510,
	17324,
	17326,
	17328,
	17331,
	17334,
	17374,
	17393,
	17410,
	17415,
	17429,
	17460,
	17473,
	17491,
	9449,
	17502,
	17517,
	17530,
	17555,
	17574,
	17586,
	17601,
	17610,
	17620,
	17634,
	17649,
	17665,
	17672,
	17684,
	17704,
	17716,
	17728,
	17799,
	17808,
	17816,
	16832,
	17829,
	17849,
	17916,
	17934,
	17958,
	17975,
	16290,
	17982,
	17987,
	333,
	17996,
	18006,
	18017,
	18041,
	18081,
	18091,
	18108,
	18122,
	18134,
	18199,
	18211,
	18229,
	18242,
	18258,
	18265,
	18273,
	18286,
	18297,
	1849,
	18304,
	18311,
	18318,
	603,
	18325,
	18345,
	18365,
	18370,
	18379,
	18384,
	18395,
	18401,
	18417,
	18432,
	18446,
	4298,
	11954,
	18455,
	18462,
	18470,
	18479,
	18490,
	18508,
	18515,
	18530,
	18543,
	18297,
	18304,
	18370,
	18551,
	18455,
	18311,
	18318,
	18555,
	18575,
	6747,
	603,
	18593,
	18623,
	6950,
	1658,
	18641,
	18672,
	18684,
	18365,
	18379,
	18401,
	18432,
	18704,
	18490,
	18709,
	4826,
	4831,
	18726,
	18745,
	18765,
	18793,
	18808,
	18839,
	18852,
	18865,
	18882,
	18893,
	18905,
	18916,
	18924,
	18938,
	18952,
	18967,
	18984,
	19002,
	19015,
	19034,
	19058,
	19085,
	19099,
	19117,
	19137,
	19158,
	19168,
	19175,
	19181,
	19196,
	16092,
	19211,
	19220,
	19231,
	19236,
	19254,
	19277,
	8060,
	19285,
	19303,
	19319,
	19327,
	19334,
	19348,
	19363,
	19376,
	19384,
	19392,
	19405,
	19449,
	19491,
	19520,
	19541,
	19554,
	19571,
	19595,
	19607,
	19618,
	19634,
	19656,
	19675,
	19690,
	19706,
	19719,
	19735,
	19753,
	19777,
	19789,
	19334,
	19799,
	19813,
	19830,
	19838,
	19847,
	19863,
	19881,
	737,
	19900,
	19911,
	19923,
	19949,
	19962,
	19975,
	19988,
	1232,
	266,
	20004,
	20015,
	20034,
	20050,
	9181,
	4298,
	19789,
	2126,
	5383,
	20060,
	1840,
	20070,
	5387,
	20080,
	16472,
	20093,
	20104,
	20111,
	20117,
	20129,
	20142,
	20151,
	20176,
	20198,
	20233,
	20255,
	20304,
	20345,
	20397,
	20460,
	20483,
	20500,
	23,
};
########################################################
TYPE: MAP
LANG: FIXED
BIT_MODE: 16
DATA:
const CUSTOM_STRING_MAP_16 StrMap_Fixed[] = {
	1,
	3,
	5,
	7,
	9,
	11,
	13,
	15,
	17,
	19,
	21,
	24,
	29,
	59,
	59,
	59,
	59,
	59,
	59,
	59,
	59,
	59,
	59,
	59,
	59,
	59,
	59,
	59,
	59,
	59,
	59,
	59,
	59,
	59,
	59,
	59,
	59,
	59,
	59,
	59,
	61,
	65,
	74,
	86,
	95,
	107,
	117,
	122,
	128,
	134,
	143,
	152,
	165,
	169,
	174,
	183,
	190,
	195,
	201,
	208,
	217,
	228,
	236,
	244,
	250,
	259,
	268,
	273,
	280,
	287,
	299,
	311,
	317,
	328,
	337,
	351,
	359,
	367,
	376,
	386,
	393,
	407,
	413,
	422,
	431,
	439,
	446,
	454,
	459,
	469,
	7,
	472,
	476,
	481,
	486,
	493,
	502,
	511,
	519,
	526,
	534,
	544,
	552,
	563,
	572,
	580,
	587,
	597,
	601,
	612,
	620,
	629,
	635,
	643,
	651,
	655,
	664,
	674,
	679,
	688,
	701,
	706,
	715,
	725,
	734,
	742,
	749,
	757,
	761,
	765,
	777,
	789,
	796,
	805,
	814,
	819,
	830,
	839,
	847,
	861,
	867,
	880,
	891,
	900,
	904,
	911,
	919,
	922,
	931,
	939,
	950,
	961,
	972,
	978,
	987,
	996,
	1005,
	1009,
	1017,
	1025,
	1033,
	1038,
	1042,
	1047,
	1059,
	1068,
	1080,
	1085,
	1088,
	1097,
	1107,
	1115,
	1123,
	1127,
	1136,
	1148,
	1157,
	1166,
	1177,
	1185,
	1188,
	1199,
	1209,
	1218,
	1223,
	1233,
	1244,
	1248,
	1255,
	1259,
	1264,
	1273,
	1282,
	1287,
	1294,
	1300,
	1310,
	1319,
	1327,
	1337,
	1346,
	1352,
	1359,
	1368,
	1380,
	1386,
	1398,
	1408,
	1416,
	1421,
	1430,
	1437,
	1446,
	1458,
	1463,
	1467,
	1476,
	1483,
	1493,
	1502,
	1509,
	1521,
	1527,
	1533,
	1544,
	1556,
	1563,
	1569,
	1576,
	1587,
	1599,
	1607,
	1616,
	1625,
	1636,
	1648,
	1655,
	1662,
	1670,
	1679,
	1684,
	1697,
	1704,
	1715,
	1721,
	1728,
	1740,
	1748,
	1753,
	1764,
	1773,
	1780,
	1787,
	1796,
	1804,
	1815,
	1825,
	1829,
	1838,
	1849,
	1861,
	1870,
	1878,
	1884,
	1896,
	1909,
	1917,
	1929,
	1939,
	1946,
	1956,
	1968,
	1979,
	1991,
	1998,
	2009,
	2021,
	2031,
	2041,
	2050,
	2054,
	2068,
	2073,
	2077,
	2087,
	2092,
	2110,
	2121,
	2131,
	2137,
	2149,
	2160,
	2173,
	2183,
	2191,
	2203,
	2211,
	2219,
	2227,
	2235,
	2244,
	2254,
	2265,
	2273,
	2282,
	2293,
	2303,
	2315,
	2325,
	2333,
	2342,
	2347,
	2359,
	2370,
	2380,
	2392,
	2398,
	2407,
	2411,
	2420,
	2432,
	2438,
	2447,
	2456,
	2461,
	2468,
	2478,
	2488,
	2499,
	2514,
	2523,
	2531,
	2540,
	2544,
	2553,
	2557,
	2564,
	2569,
	2574,
	2580,
	2592,
	2597,
	2609,
	2620,
	2630,
	2638,
	2645,
	2650,
	2658,
	2666,
	2675,
	2681,
	2691,
	2695,
	2698,
	2703,
	2710,
	2718,
	2729,
	2734,
	2744,
	2759,
	2768,
	2771,
	2776,
	2782,
	2787,
	2792,
	2799,
	2805,
	2815,
	2820,
	2827,
	2834,
	2842,
	2852,
	2862,
	2872,
	2882,
	2892,
	2902,
	2911,
	2916,
	2923,
	2932,
	2944,
	2951,
	2955,
	2964,
	2970,
	2974,
	2984,
	2991,
	2999,
	3004,
	3015,
	3024,
	3031,
	3040,
	3048,
	3057,
	3072,
	3078,
	3090,
	3098,
	3110,
	3115,
	3120,
	3132,
	3140,
	3152,
	3163,
	3176,
	3185,
	3192,
	3199,
	3209,
	3216,
	3225,
	3231,
	3240,
	3247,
	3252,
	3261,
	3269,
	3276,
	3284,
	3295,
	3305,
	3316,
	3321,
	3330,
	3341,
	3350,
	3357,
	3365,
	3377,
	3384,
	3394,
	3401,
	3410,
	3419,
	3435,
	3444,
	3451,
	3461,
	3472,
	3479,
	3488,
	3498,
	3502,
	3513,
	3523,
	3530,
	3539,
	3548,
	3554,
	3562,
	3566,
	3571,
	3579,
	3583,
	3591,
	3596,
	3604,
	3611,
	3616,
	3620,
	3629,
	3633,
	3642,
	3648,
	3655,
	3663,
	3672,
	3680,
	3689,
	3695,
	3702,
	3713,
	3720,
	3727,
	3734,
	3744,
	3757,
	3764,
	3774,
	3784,
	3791,
	3796,
	59,
	59,
	59,
	59,
	59,
	59,
	59,
	59,
	59,
	59,
	59,
	59,
	59,
	59,
	59,
	59,
	59,
	59,
	59,
	59,
	59,
	59,
	59,
	59,
	59,
	59,
	59,
	59,
	59,
	59,
	59,
	59,
	59,
	59,
	59,
	59,
	59,
	59,
	59,
	59,
	59,
	59,
	59,
};

########################################################
TYPE: VALUE
NAME: mtk_gTrans_string_count
VALUE: 1542
########################################################
TYPE: VALUE
NAME: mtk_gMaxDeployedLangs
VALUE: 1
########################################################
TYPE: VALUE
NAME: max_total_len
VALUE: 0
